   10
    1    10.00     1.00    0    0    1    1     1.00     0.00
    2    10.00     1.00    1    1    2    2     1.00     0.00
    3     5.00     1.00    1    2    2    1     1.00     0.00
    4     5.00     1.00    1    2    2    1     1.00     0.00
    5    10.00     1.00    2    2    3    1     1.00     0.00
    6    10.00     1.00    2    3    3    1     1.00     0.00
    7    15.00     1.00    2    3    3    2     1.00     0.00
    8    15.00     1.00    2    3    3    1     1.00     0.00
    9    15.00     1.00    2    3    3    1     1.00     0.00
   10    15.00     1.00    2    3    3    1     1.00     0.00
    1    2    1.00     0
    1    3    1.00     0
    1    4    1.00     0
    2    5    1.00     0
    2    6    1.00     0
    3    7    1.00     0
    3    8    1.00     0
    4    9    1.00     0
    4   10    1.00     0
    0
