   40
    1     0.00     1.00    0    0    1    1     1.00
    2     0.00     1.00    0    0    1    1     1.00
    3     0.00     1.00    1    1    2    1     1.00
    4     0.00     1.00    1    1    2    1     1.00
    5     0.00     1.00    1    1    2    1     1.00
    6     0.00     1.00    1    1    2    1     1.00
    7     0.00     1.00    2    2    3    1     1.00
    8     0.00     1.00    2    2    3    1     1.00
    9     0.00     1.00    2    2    3    1     1.00
   10     0.00     1.00    2    2    3    1     1.00
   11     0.00     1.00    2    2    3    1     1.00
   12     0.00     1.00    2    2    3    1     1.00
   13     0.00     1.00    2    2    3    1     1.00
   14     0.00     1.00    2    2    3    1     1.00
   15     0.00     1.00    3    3    4    1     1.00
   16     0.00     1.00    3    3    4    1     1.00
   17     0.00     1.00    3    3    4    1     1.00
   18     0.00     1.00    3    3    4    1     1.00
   19     0.00     1.00    3    3    4    1     1.00
   20     0.00     1.00    3    3    4    1     1.00
   21     0.00     1.00    3    3    4    1     1.00
   22     0.00     1.00    3    3    4    1     1.00
   23     0.00     1.00    3    3    5    1     1.00
   24     0.00     1.00    3    3    5    1     1.00
   25     0.00     1.00    3    3    5    1     1.00
   26     0.00     1.00    3    3    5    1     1.00
   27     0.00     1.00    3    3    5    1     1.00
   28     0.00     1.00    3    3    5    1     1.00
   29     0.00     1.00    3    3    5    1     1.00
   30     0.00     1.00    3    3    5    1     1.00
   31     0.00     1.00    4    4    6    1     1.00
   32     0.00     1.00    4    4    6    1     1.00
   33     0.00     1.00    4    4    6    1     1.00
   34     0.00     1.00    4    4    6    1     1.00
   35     0.00     1.00    4    4    6    1     1.00
   36     0.00     1.00    4    4    6    1     1.00
   37     0.00     1.00    4    4    6    1     1.00
   38     0.00     1.00    4    4    6    1     1.00
   39     0.00     1.00    4    4    6    1     1.00
   40     0.00     1.00    4    4    6    1     1.00
    1    3    1.00       0
    1    4    1.00       0
    2    5    1.00       0
    2    6    1.00       0
    3    7    1.00       0
    3    8    1.00       0
    4    9    1.00       0
    4   10    1.00       0
    5   11    1.00       0
    5   12    1.00       0
    6   13    1.00       0
    6   14    1.00       0
    7   15    1.00       0
    7   16    1.00       0
    8   17    1.00       0
    8   18    1.00       0
    9   19    1.00       0
    9   20    1.00       0
   10   21    1.00       0
   10   22    1.00       0
   11   23    1.00       0
   11   24    1.00       0
   12   25    1.00       0
   12   26    1.00       0
   13   27    1.00       0
   13   28    1.00       0
   14   29    1.00       0
   14   30    1.00       0
   20   31    1.00       0
   20   32    1.00       0
   22   33    1.00       0
   22   34    1.00       0
   23   35    1.00       0
   23   36    1.00       0
   27   37    1.00       0
   27   38    1.00       0
   29   39    1.00       0
   29   40    1.00       0
    0
